EXPEDIENTE,FIRMA,FINANCIERO,PATRIMONIO,CAPITAL_SOCIAL,EBIT,PRECIO_ACCION,NRO_ACCIONES,PAT_ACCIONES,SUCURSALES,TIPO
1,DELOITTE,Sí,395010.6,240000,144552.2512,5.48,240000,1.645877401,1,2
2,HANSEN HOLM & CO,No,34380.7,24510,2712.8551,0.7,24510,1.402720062,3,3
3,HANSEN HOLM & CO,No,86342.7,75000,16089.04133,0.9,75000,1.151235903,2,3
4,DELOITTE,Sí,199309.4,102405.1045,116226.5869,49,20481,9.731420754,4,1
5,PRICE,Sí,71240.9,20490.472,97595.60254,30,20490,3.476781253,3,1
6,ERNST & YOUNG,Sí,37455.0,21000,13287.64705,1.25,21000,1.783569076,3,1
7,ERNST & YOUNG,No,556.9,1000,62.32551,10.04,1000,0.55694363,2,1
8,HANSEN HOLM & CO,No,62374.1,44000,12567.09708,0.9,44000,1.417592126,5,3
9,DELOITTE,Sí,448.4,80,0.89119,25,80,5.604691875,4,2
10,DELOITTE,Sí,644.6,90,9.41652,24,90,7.162245556,4,2
11,DELOITTE,Sí,578.5,90,3.82137,21,90,6.427924444,2,1
12,DELOITTE,No,568.3,90,7.44823,16,90,6.314776556,4,1
13,DELOITTE,Sí,621.6,100,6.10436,14,100,6.2155509,4,1
14,DELOITTE,Sí,595.0,100,1.44907,13.5,100,5.9503252,3,2
15,DELOITTE,Sí,745.9,125,3.144,12,125,5.96691088,2,2
16,DELOITTE,No,468263.3,240000,160229.4408,4.89,240000,1.951097137,1,3
17,DELOITTE,Sí,29760.7,17882.575,7402.14424,1,17883,1.664227703,1,3
18,DELOITTE,Sí,48702.9,29800,13645.70511,2.4,29800,1.634325326,2,1
19,HANSEN HOLM & CO,No,91675.5,80000,16262.87808,0.85,80000,1.145944039,2,2
20,DELOITTE,Sí,226951.1,102405.1045,151262.7522,40.5,20481,11.08104291,2,3
21,PRICE,Sí,77881.4,20490.472,123756.9746,30,20490,3.80086066,5,1
22,ASE,No,266.5,89.02032,0.19377,0.45,89,2.993536869,3,2
23,KPMG,No,61446.5,44429.06963,834.71488,0.95,44429,1.383023838,1,3
24,DELOITTE,No,448.9,80,0.80742,25,80,5.611821875,1,1
25,DELOITTE,No,649.2,90,6.71187,22.5,90,7.213557,1,3
26,DELOITTE,No,582.0,90,4.39963,19.8,90,6.467132222,3,3
27,DELOITTE,No,570.8,90,4.33362,18,90,6.342161333,3,2
28,DELOITTE,No,624.9,100,4.97007,16.5,100,6.2487698,3,2
29,DELOITTE,No,602.8,100,7.97735,15,100,6.0280903,3,2
30,DELOITTE,No,757.9,125,12.79449,13.75,125,6.06335536,3,2
31,DELOITTE,No,800.7,135,2.04566,12.5,135,5.930769185,2,1
32,DELOITTE,No,601984.9,252000,124224.8085,5.09,252000,2.388828897,4,1
33,DELOITTE,Sí,33737.1,20076.652,2634.82394,1.1,20077,1.680416276,3,1
34,HANSEN HOLM & CO,No,36134.1,24510,2057.88955,0.8,24510,1.474259295,2,3
35,DELOITTE,Sí,70369.8,34000,6678.61536,2,34000,2.069700225,1,2
36,HANSEN HOLM & CO,No,121539.3,85000,23880.19423,0.95,85000,1.429873595,3,3
37,DELOITTE,Sí,325055.9,102405.1045,135740.9611,51.5,20481,15.87107878,4,3
38,PRICE,Sí,116626.5,20490.472,112434.11,35,20490,5.691744422,4,1
39,DELOITTE,Sí,27813.6,15450,11360.42284,4.53,15450,1.800231805,3,1
40,KPMG,Sí,66797.4,50051.603,12939.805,1.05,50052,1.334571003,2,1
41,DELOITTE,Sí,2820.9,80,356.61516,31,80,35.26107975,5,1
42,DELOITTE,Sí,2700.3,90,304.30179,30,90,30.00299022,4,3
43,DELOITTE,No,2496.7,90,281.12659,26,90,27.74154633,5,2
44,DELOITTE,Sí,2198.3,90,247.91169,22.25,90,24.42556033,5,2
45,DELOITTE,No,2349.8,100,248.83568,20,100,23.497913,3,1
46,DELOITTE,No,2217.1,100,234.58304,18.5,100,22.1707441,2,1
47,DELOITTE,No,2487.9,125,259.83943,15,125,19.90333608,3,1
48,DELOITTE,No,2135.9,135,202.62374,12.3,135,15.82137615,2,2
49,DELOITTE,No,2117.9,150,1025.08745,12,150,14.11937673,4,2
50,DELOITTE,No,674854.1,267000,133505.0392,4.5,267000,2.527543325,2,3
51,HANSEN HOLM & CO,No,36259.4,24510,2182.08115,0.5,24510,1.47937079,4,3
52,DELOITTE,No,69753.3,34000,7703.5898,2.41,34000,2.051566188,4,1
53,DELOITTE,No,113080.9,1717.20432,50608.20375,4.75,1717,65.85175228,5,2
54,HANSEN HOLM & CO,No,133787.0,90000,26383.54584,1.12,90000,1.486521766,5,3
55,DELOITTE,Sí,335886.9,102405.1045,128374.9009,55.1,20481,16.3999105,3,1
56,PRICE,Sí,129452.0,20490.472,127496.124,42,20490,6.317669876,3,2
57,PRICE,Sí,41216.5,26917.16,3251.89719,2,26917,1.53123619,2,3
58,DELOITTE,Sí,2721.0,200,1138.77977,13,200,13.6050869,2,1
59,KPMG,Sí,63765.8,55000,3592.35672,1.12,55000,1.159377955,4,3
60,DELOITTE,No,2998.0,80,177.33755,33.5,80,37.474795,1,3
61,DELOITTE,No,2809.5,90,111.22419,32,90,31.21623789,3,2
62,DELOITTE,No,2597.4,90,101.31943,28,90,28.86043944,1,2
63,DELOITTE,No,2322.4,90,125.34543,24,90,25.803951,4,2
64,DELOITTE,No,2475.6,100,128.53036,24,100,24.7560102,1,2
65,DELOITTE,No,2337.3,100,122.32676,22,100,23.3729366,1,1
66,DELOITTE,No,2624.7,125,141.59802,17,125,20.99766744,5,1
67,DELOITTE,Sí,2251.5,135,119.93139,16,135,16.678086,2,1
68,DELOITTE,Sí,2212.5,150,97.90346,14,150,14.74996173,2,3
69,KPMG,Sí,39426.9,41281.87,0,5.5,41282,0.955064827,3,2
70,DELOITTE,Sí,758220.8,300000,145426.9474,3.98,300000,2.527402685,4,3
71,DELOITTE,Sí,43396.7,22173.41,11821.29098,1,22173,1.95715238,4,3
72,HANSEN HOLM & CO,No,37093.5,24510,2695.6093,0.51,24510,1.513403169,4,1
73,HANSEN HOLM & CO,No,148755.3,105000,29441.71197,1.41,105000,1.416716993,3,1
74,PRICE,Sí,143749.4,20490.472,151072.3062,42.53,20490,7.015425721,2,1
75,PRICE,Sí,43385.4,26917.16,5610.03934,1.64,26917,1.611810219,4,1
76,ASE,No,6399.4,2496.25,231.39327,93,2496,2.563614394,3,3
77,DELOITTE,Sí,2924.1,200,209.7646,14.25,200,14.62068245,3,2
78,DELOITTE,Sí,40513.8,23947.588,13597.39966,4.55,23948,1.691768033,5,2
79,KPMG,Sí,63855.8,55000,3311.56485,1.25,55000,1.161015182,4,1
80,DELOITTE,Sí,3299.9,80,302.04286,34,80,41.2487375,1,1
81,KPMG,No,2092.8,900,20.65118,3.5,900,2.325297856,3,1
82,DELOITTE,Sí,3161.9,90,352.71546,35.5,90,35.13209144,3,2
83,DELOITTE,Sí,2960.8,90,363.38739,31.5,90,32.89782711,4,2
84,DELOITTE,No,2665.7,90,343.44586,27.25,90,29.61870367,3,3
85,DELOITTE,No,2838.1,100,363.64048,27,100,28.3810635,3,3
86,DELOITTE,No,2672.5,100,335.17281,23,100,26.7246647,2,1
87,DELOITTE,No,2974.0,125,352.71215,20,125,23.79163864,2,2
88,DELOITTE,No,2522.7,135,277.09437,18,135,18.68690985,2,3
89,DELOITTE,Sí,2464.6,150,257.31586,16,150,16.43052847,3,1
90,DELOITTE,Sí,3268.1,240,1480.21801,13,240,13.61699642,4,2
91,KPMG,Sí,57073.4,42624.023,16127.657,5.52,42624,1.338996509,3,3
92,DELOITTE,Sí,1834.7,150,233.08869,12,150,12.2315752,5,1
93,HANSEN HOLM & CO,No,1872.5,235,0,12,235,7.967922298,4,3
94,HANSEN HOLM & CO,No,1934.2,235,77.81114,12,235,8.230754511,2,3
95,ASE,No,17863.3,343.32402,3752.02465,1,343,52.03043283,2,2
96,DELOITTE,Sí,1885.7,150,50.98939,13.5,150,12.57150447,4,2
97,DELOITTE,Sí,3058.9,100,220.92108,30,100,30.589483,3,2
98,PRICE,Sí,126947.5,20490.472,164455.7162,43,20490,6.195438865,1,2
99,PRICE,Sí,45156.5,28573.583,6457.18653,1.86,28574,1.580359982,4,1
100,DELOITTE,Sí,858659.1,335000,167682.0435,4.61,335000,2.563161442,3,1
101,ASE,No,11028.8,2496.25,265.35835,93,100,110.4532278,2,1
102,DELOITTE,Sí,3180.0,125,207.32458,24,125,25.44018936,5,3
103,DELOITTE,Sí,2689.2,135,168.98601,20,135,19.92004711,2,2
104,DELOITTE,Sí,3249.5,90,289.23058,34,90,36.10594633,5,3
105,ERNST & YOUNG,Sí,409581.1,102405.1045,163254.0305,69,20481,19.99807809,4,3
106,KPMG,Sí,114702.9,61253.545,8930.39161,5.75,61254,1.872591469,2,1
107,DELOITTE,No,72599.2,36000,7784.21304,1.59,36000,2.016644529,3,1
108,KPMG,Sí,65256.5,55000,4371.60383,1.31,55000,1.186482642,1,1
109,DELOITTE,Sí,2871.3,100,198.86344,27,100,28.712808,5,1
110,DELOITTE,Sí,3183.3,200,265.05473,15.5,200,15.9165583,4,3
111,DELOITTE,Sí,4374.6,350,1458.58366,12,350,12.49892406,2,2
112,DELOITTE,No,2620.8,150,160.07854,18,150,17.47204107,5,2
113,DELOITTE,No,2862.4,90,196.82501,31.25,90,31.80493422,4,1
114,DELOITTE,Sí,3463.4,240,200.79848,14.5,240,14.43083908,3,1
115,DELOITTE,Sí,3350.2,80,50.72917,38.25,80,41.877404,2,1
116,KPMG,No,2445.5,900,51.59758,3.5,900,2.717225222,2,2
117,DELOITTE,Sí,3415.9,90,303.38835,37,90,37.95430267,4,2
118,HANSEN HOLM & CO,No,155034.9,120000,20774.80375,1.5,120000,1.291957167,3,3
119,PRICE,Sí,43160.4,25767.684,13537.82553,4.5,25768,1.674981304,2,3
120,KPMG,No,27188.3,25677,2560.44602,4.25,25677,1.058858685,3,1
121,DELOITTE,Sí,2002.7,235,208.61191,12.25,235,8.522325064,4,2
122,ASE,No,14398.9,1851.025,5856.45949,7,1851,7.778902662,3,3
123,ASE,No,19005.4,343.32402,3997.33713,1,343,55.35710085,2,1
124,DELOITTE,Sí,2028.6,150,184.84691,13.5,150,13.52381047,3,2
125,DELOITTE,Sí,3387.2,100,431.86868,31,100,33.8720843,4,3
126,PRICE,Sí,145192.6,20490.472,264648.9113,55.1,20490,7.085861126,4,1
127,PRICE,Sí,46286.3,29785.583,8095.6072,1.85,29786,1.553982616,4,3
128,DELOITTE,Sí,961776.3,375000,265377.5125,4.75,375000,2.564736832,3,3
129,ASE,No,53105.3,21000,26207.0123,4.06,21000,2.52882469,1,2
130,ASE,No,11465.4,3463.95,0,5.15,139,82.74769122,2,2
131,ASE,No,3539.8,125,463.95622,93,125,28.31863904,4,2
132,DELOITTE,Sí,2987.3,135,385.06716,25,135,22.12843593,1,2
133,DELOITTE,Sí,3591.4,90,466.83582,20.5,90,39.90495889,3,1
134,ERNST & YOUNG,Sí,365218.5,102405.104,226815.6143,34.5,20481,17.8320461,4,1
135,PRICE,Sí,131883.2,60324.424,20759.36559,75,60324,2.186232777,3,1
136,HANSEN HOLM & CO,No,38314.4,24510,2893.45375,5.72,24510,1.563216304,1,3
137,DELOITTE,Sí,59844.9,39600,7169.88098,0.7,39600,1.51123477,5,1
138,KPMG,No,65530.0,55000,4992.31836,1.43,55000,1.191453875,5,1
139,DELOITTE,No,3202.5,100,430.05247,1.45,100,32.0252066,3,2
140,DELOITTE,No,3436.5,200,330.91003,27.5,200,17.1826027,2,1
141,DELOITTE,No,4897.7,350,670.46148,16,350,13.9934922,3,3
142,DELOITTE,No,2870.6,150,323.6326,13.5,150,19.13719767,2,2
143,DELOITTE,No,3139.4,90,369.79559,19,90,34.88203978,4,1
144,DELOITTE,Sí,3676.5,240,274.7802,32.5,240,15.31857492,2,2
145,DELOITTE,Sí,4275.5,1900,1673.63574,15.5,1900,2.250248632,3,2
146,DELOITTE,No,3547.4,80,254.95685,2.1,80,44.34257975,2,2
147,KPMG,No,2554.8,900,243.53694,39,900,2.838713,5,3
148,DELOITTE,Sí,3760.8,90,455.96337,3.9,90,41.78671511,2,1
149,HANSEN HOLM & CO,No,160540.9,130000,20934.97262,37.5,130000,1.234929831,4,1
150,PRICE,Sí,45003.2,26669.629,19387.76605,1.6,26670,1.687434028,3,2
